target:
  x: [0.478553390593274, 0.7, -0.35]
  y: [0.5, 0.5, 0.7]
  z: [0.68566, 0.7, 0.7]